%YAML:1.0
cameraMatrix: !!opencv-matrix
   rows: 3
   cols: 3
   dt: d
   data: [ 3.7426934778068960e+02, 0., 2.6079186470374526e+02, 0.,
       3.7508564992924192e+02, 2.0703734970953113e+02, 0., 0., 1. ]
distortionCoefficients: !!opencv-matrix
   rows: 1
   cols: 5
   dt: d
   data: [ 1.4561121369719870e-01, -3.6194773601332292e-01,
       -1.3187880525793159e-03, 2.3835320494052302e-03,
       1.6131670706551768e-01 ]
rotation: !!opencv-matrix
   rows: 3
   cols: 3
   dt: d
   data: [ 1., 0., 0., 0., 1., 0., 0., 0., 1. ]
projection: !!opencv-matrix
   rows: 4
   cols: 4
   dt: d
   data: [ 3.7426934778068960e+02, 0., 2.6079186470374526e+02, 0., 0.,
       3.7508564992924192e+02, 2.0703734970953113e+02, 0., 0., 0., 1.,
       0., 0., 0., 0., 1. ]
