%YAML:1.0
depthShift: 3.0662009844583711e+01
