%YAML:1.0
rotation: !!opencv-matrix
   rows: 3
   cols: 3
   dt: d
   data: [ 9.9992088203889296e-01, 3.7686969951064996e-03,
       -1.2001107678937990e-02, -3.6854181350472249e-03,
       9.9996903045331109e-01, 6.9538354477814372e-03,
       1.2026942908829916e-02, -6.9090561746183443e-03,
       9.9990380416670277e-01 ]
translation: !!opencv-matrix
   rows: 3
   cols: 1
   dt: d
   data: [ -5.3437785958855608e-02, 1.2630771707400758e-03,
       1.9253932044344621e-03 ]
essential: !!opencv-matrix
   rows: 3
   cols: 3
   dt: d
   data: [ 2.2286836054656763e-05, -1.9340602470052440e-03,
       1.2495668004632037e-03, 2.5679340721512273e-03,
       -3.6194844145301413e-04, 5.3409538615335025e-02,
       -1.0660366531800676e-03, -5.3440891169986363e-02,
       -3.5643924511878725e-04 ]
fundamental: !!opencv-matrix
   rows: 3
   cols: 3
   dt: d
   data: [ 1.7283454059665586e-08, -1.4966006547950201e-06,
       6.6802673004004312e-04, 1.9866293864448764e-06,
       -2.7940457158930193e-07, 1.5004257143046028e-02,
       -1.9458438867986517e-03, -4.3360183292838944e-02, 1. ]
