%YAML:1.0
cameraMatrix: !!opencv-matrix
   rows: 3
   cols: 3
   dt: d
   data: [ 1.0878624725253771e+03, 0., 9.9003566579900303e+02, 0.,
       1.0904936248407059e+03, 5.1815585871147937e+02, 0., 0., 1. ]
distortionCoefficients: !!opencv-matrix
   rows: 1
   cols: 5
   dt: d
   data: [ 8.4084304680685187e-02, -8.6627861882393270e-02,
       -6.5145955783336821e-04, 9.4120408751518728e-03,
       3.0925847823328204e-02 ]
rotation: !!opencv-matrix
   rows: 3
   cols: 3
   dt: d
   data: [ 1., 0., 0., 0., 1., 0., 0., 0., 1. ]
projection: !!opencv-matrix
   rows: 4
   cols: 4
   dt: d
   data: [ 1.0878624725253771e+03, 0., 9.9003566579900303e+02, 0., 0.,
       1.0904936248407059e+03, 5.1815585871147937e+02, 0., 0., 0., 1.,
       0., 0., 0., 0., 1. ]
